P2
  25   19
 255
  96   81   81   83   84   84   84   84   82 
  84   86   87   84   84   84   84   88   88 
  88   88   87   87   87   87   91   91   91 
  91   92   92   92   92   92   92   92   92 
  93   93   93   93   94   94   94   94   96 
  96   96   96   98   98   98   98   98   98 
  98   98  101  101  101  101  101  101  101 
 101  101  101  101  101  102  102  102  102 
 102  102  102  102  102  102  102  102  106 
 105  104  103  104  104  104  104  106  106 
 106  106  106  106  106  106  106  106  106 
 106  108  108  108  108  108  108  108  108 
 111  111  111  111  111  111  111  111  111 
 111  111  111  112  112  112  112  112  112 
 112  112  112  112  112  112  112  112  112 
 112  112  112  112  112  112  112  112  112 
 112  112  112  112  112  112  112  112  112 
 112  112  112  111  111  111  111  111  111 
 111  111  109  109  109  109  108  108  108 
 108  108  108  108  108  111  111  111  111 
 108  108  108  108  108  108  108  108  108 
 108  108  108  108  108  108  108  111  111 
 111  111  108  108  108  108  108  108  108 
 108  111  111  111  111  108  108  108  108 
 108  108  108  108  108  108  108  108  108 
 108  108  108  108  108  108  108  108  108 
 108  108  108  108  108  108  108  108  108 
 108  108  108  108  108  108  108  108  108 
 108  108  108  108  108  108  108  108  108 
 108  108  108  108  108  108  108  108  108 
 108  108  108  108  108  108  108  108  108 
 108  108  108  108  108  108  108  108  108 
 106  106  106  106  106  106  106  106  106 
 106  106  106  106  106  106  106  106  106 
 106  106  104  104  104  104  102  102  102 
 102  102  102  102  102  101  101  101  101 
 101  101  101  101  101  101  101  101   98 
  98   98   98   98   98   98   98   96   96 
  96   96   94   94   94   94   94   94   94 
  94   91   91   91   91   91   91   91   91 
  91   91   91   91   88   88   88   88   88 
  88   88   88   86   86   86   86   86   86 
  86   86   84   84   84   84   84   84   84 
  84   82   82   82   82   82   82   82   82 
  81   81   81   81   81   81   81   81   78 
  78   78   78   78   78   78   78   76   76 
  76   76   76   76   76   76   76   76   76 
  76   74   74   74   74   74   74   74   74 
  72   72   72   72   72   72   72   72   71 
  71   71   71   71   71   71   71   71   71 
  71   71   68   68   68   68   66   66   66 
  66   66   66   66   66   64   64   64   64 
  62   62   62   62   62   62   62 
SEQUENTIAL EXECUTION TIME: 40272
PARALLEL EXECUTION TIME: 34150
SPEEDUP:    1.18
NUMBER OF PROCESSORS USED: 6
